2.200000 5.199606 5.091674
 2.329343 5.253765 5.173408
 2.492424 5.258878 5.168057
 2.599153 5.126361 5.081711
 2.576715 5.306028 5.028301
 2.675771 5.386749 4.953105
 2.507666 5.380577 4.891019
 2.353141 5.352331 4.975664
 2.227031 5.158375 5.051994
 2.069469 5.044581 5.131811
 2.168144 5.236645 5.156135
 2.096593 5.164276 5.105594
 2.046831 5.313691 5.082084
 2.172216 5.315002 5.080184
 2.091535 5.368104 5.004921
 2.081434 5.396970 4.996372
 2.212978 5.264658 4.923991
 2.391946 5.077966 4.957134
 2.559107 5.169840 5.042282
 2.488617 5.045777 5.049439
 2.460943 5.040895 5.032137
 2.312268 5.009708 4.939197
 2.355136 5.138937 5.016823
 2.214064 5.014469 4.925845
 2.358498 4.939994 5.000448
 2.556862 5.139793 5.061857
 2.522150 5.189809 5.156500
 2.536244 5.075672 5.168053
 2.621082 4.934331 5.162858
 2.714557 4.820937 5.169250
 2.835758 4.842066 5.123561
 2.733021 4.855644 5.049768
 2.594600 5.048409 4.961597
 2.474612 5.191122 4.939505
 2.364846 5.244696 4.850647
 2.386777 5.379484 4.865684
 2.394836 5.567033 4.843998
 2.521837 5.556984 4.764246
 2.344787 5.601775 4.678144
 2.409699 5.588650 4.637728
 2.302465 5.487873 4.719555
 2.160879 5.618015 4.815601
 2.193257 5.699467 4.839955
 2.225771 5.844088 4.863786
 2.305859 6.035683 4.916025
 2.491015 6.147260 4.910938
 2.338006 6.037728 4.999138
 2.490086 6.018607 5.030755
 2.507361 5.983358 5.013725
 2.379788 6.022094 4.996628
 2.222878 6.151562 5.055088
 2.376578 6.287996 4.956559
 2.251860 6.231110 4.990690
 2.156839 6.101717 4.946438
 2.213329 6.057570 4.963437
 2.087347 5.947984 5.008575
 2.269450 5.907568 5.005757
 2.397093 5.996167 5.015259
 2.339899 5.899035 5.032528
 2.292678 5.851719 4.961641
 2.369507 6.042387 5.059804
 2.188925 5.846086 5.118816
 2.147288 5.671824 5.106903
 2.171637 5.691924 5.145542
 2.291311 5.805604 5.235563
 2.407487 5.775779 5.152599
 2.345823 5.833498 5.135258
 2.532283 5.919292 5.216938
 2.554529 5.748917 5.132681
 2.410071 5.943030 5.095341
 2.558212 6.119168 5.192726
 2.601749 5.972898 5.289715
 2.432033 5.818210 5.257301
 2.601497 5.981019 5.356650
 2.590829 5.865117 5.325847
 2.471474 5.774416 5.375184
 2.569376 5.919074 5.378594
 2.582341 6.078724 5.377751
 2.778322 5.950096 5.284887
 2.606474 6.124864 5.377295
 2.730371 6.214197 5.387832
 2.670619 6.353748 5.390401
 2.610755 6.340036 5.419040
 2.653109 6.251239 5.374100
 2.810477 6.086927 5.325917
 2.749939 6.139563 5.420681
 2.749939 6.139563 5.420681
 2.749939 6.139563 5.420681
 2.749939 6.139563 5.420681
 2.749939 6.139563 5.420681
 2.749939 6.139563 5.420681
 2.749939 6.139563 5.420681
 2.749939 6.139563 5.420681
 2.749939 6.139563 5.420681
 2.749939 6.139563 5.420681
 2.749939 6.139563 5.420681
 2.749939 6.139563 5.420681
 2.749939 6.139563 5.420681
 2.749939 6.139563 5.420681
 2.749939 6.139563 5.420681
 2.749939 6.139563 5.420681
 2.749939 6.139563 5.420681
 2.749939 6.139563 5.420681
 2.749939 6.139563 5.420681
 2.749939 6.139563 5.420681
 2.749939 6.139563 5.420681
 2.749939 6.139563 5.420681
 2.749939 6.139563 5.420681
 2.749939 6.139563 5.420681
 2.749939 6.139563 5.420681
 2.749939 6.139563 5.420681
 2.749939 6.139563 5.420681
 2.749939 6.139563 5.420681
 2.749939 6.139563 5.420681
 2.749939 6.139563 5.420681
 2.749939 6.139563 5.420681
 2.749939 6.139563 5.420681
 2.749939 6.139563 5.420681
 2.749939 6.139563 5.420681
 2.749939 6.139563 5.420681
 2.749939 6.139563 5.420681
 2.749939 6.139563 5.420681
 2.749939 6.139563 5.420681
 2.749939 6.139563 5.420681
 2.749939 6.139563 5.420681
 2.749939 6.139563 5.420681
 2.749939 6.139563 5.420681
 2.749939 6.139563 5.420681
 2.749939 6.139563 5.420681
 2.749939 6.139563 5.420681
 2.749939 6.139563 5.420681
 2.749939 6.139563 5.420681
 2.749939 6.139563 5.420681
 2.749939 6.139563 5.420681
 2.749939 6.139563 5.420681
 2.749939 6.139563 5.420681
 2.749939 6.139563 5.420681
 2.749939 6.139563 5.420681
 2.749939 6.139563 5.420681
 2.749939 6.139563 5.420681
 2.749939 6.139563 5.420681
 2.749939 6.139563 5.420681
 2.749939 6.139563 5.420681
 2.749939 6.139563 5.420681
 2.749939 6.139563 5.420681
 2.749939 6.139563 5.420681
 2.749939 6.139563 5.420681
 2.749939 6.139563 5.420681
 2.749939 6.139563 5.420681
 2.749939 6.139563 5.420681
 2.749939 6.139563 5.420681
 2.749939 6.139563 5.420681
 2.749939 6.139563 5.420681
 2.749939 6.139563 5.420681
 2.749939 6.139563 5.420681
 2.749939 6.139563 5.420681
 2.749939 6.139563 5.420681
 2.749939 6.139563 5.420681
 2.749939 6.139563 5.420681
 2.749939 6.139563 5.420681
 2.749939 6.139563 5.420681
 2.749939 6.139563 5.420681
 2.749939 6.139563 5.420681
 2.749939 6.139563 5.420681
 2.749939 6.139563 5.420681
 2.749939 6.139563 5.420681
 2.749939 6.139563 5.420681
 2.749939 6.139563 5.420681
 2.749939 6.139563 5.420681
 2.749939 6.139563 5.420681
 2.749939 6.139563 5.420681
 2.749939 6.139563 5.420681
 2.749939 6.139563 5.420681
 2.749939 6.139563 5.420681
 2.749939 6.139563 5.420681
 2.749939 6.139563 5.420681
 2.749939 6.139563 5.420681
 2.749939 6.139563 5.420681
 2.749939 6.139563 5.420681
 2.749939 6.139563 5.420681
 2.749939 6.139563 5.420681
 2.749939 6.139563 5.420681
 2.749939 6.139563 5.420681
 2.749939 6.139563 5.420681
 2.749939 6.139563 5.420681
 2.749939 6.139563 5.420681
 2.749939 6.139563 5.420681
 2.749939 6.139563 5.420681
 2.749939 6.139563 5.420681
 2.749939 6.139563 5.420681
 2.749939 6.139563 5.420681
 2.749939 6.139563 5.420681
 2.749939 6.139563 5.420681
 2.749939 6.139563 5.420681
 2.749939 6.139563 5.420681
 2.749939 6.139563 5.420681
 2.749939 6.139563 5.420681
 2.749939 6.139563 5.420681
 2.749939 6.139563 5.420681
 2.749939 6.139563 5.420681
 2.749939 6.139563 5.420681
 2.749939 6.139563 5.420681
 2.749939 6.139563 5.420681
 2.749939 6.139563 5.420681
 2.749939 6.139563 5.420681
 2.749939 6.139563 5.420681
 2.749939 6.139563 5.420681
 2.749939 6.139563 5.420681
 2.749939 6.139563 5.420681
 2.749939 6.139563 5.420681
 2.749939 6.139563 5.420681
 2.749939 6.139563 5.420681
 2.749939 6.139563 5.420681
 2.749939 6.139563 5.420681
 2.749939 6.139563 5.420681
 2.749939 6.139563 5.420681
 2.749939 6.139563 5.420681
 2.749939 6.139563 5.420681
 2.749939 6.139563 5.420681
 2.749939 6.139563 5.420681
 2.749939 6.139563 5.420681
 2.749939 6.139563 5.420681
 2.749939 6.139563 5.420681
 2.749939 6.139563 5.420681
 2.749939 6.139563 5.420681
 2.749939 6.139563 5.420681
 2.749939 6.139563 5.420681
 2.749939 6.139563 5.420681
 2.749939 6.139563 5.420681
 2.749939 6.139563 5.420681
 2.749939 6.139563 5.420681
 2.749939 6.139563 5.420681
 2.749939 6.139563 5.420681
 2.749939 6.139563 5.420681
 2.749939 6.139563 5.420681
 2.749939 6.139563 5.420681
 2.749939 6.139563 5.420681
 2.749939 6.139563 5.420681
 2.749939 6.139563 5.420681
 2.749939 6.139563 5.420681
 2.749939 6.139563 5.420681
 2.749939 6.139563 5.420681
 2.749939 6.139563 5.420681
 2.749939 6.139563 5.420681
 2.749939 6.139563 5.420681
 2.749939 6.139563 5.420681
 2.749939 6.139563 5.420681
 2.749939 6.139563 5.420681
 2.749939 6.139563 5.420681
 2.749939 6.139563 5.420681
 2.749939 6.139563 5.420681
 2.749939 6.139563 5.420681
 2.749939 6.139563 5.420681
 2.749939 6.139563 5.420681
 2.749939 6.139563 5.420681
 2.749939 6.139563 5.420681
 2.749939 6.139563 5.420681
 2.749939 6.139563 5.420681
 2.749939 6.139563 5.420681
 2.749939 6.139563 5.420681
 2.749939 6.139563 5.420681
 2.749939 6.139563 5.420681
 2.749939 6.139563 5.420681
 2.749939 6.139563 5.420681
 2.749939 6.139563 5.420681
 2.749939 6.139563 5.420681
 2.749939 6.139563 5.420681
 2.749939 6.139563 5.420681
 2.749939 6.139563 5.420681
 2.749939 6.139563 5.420681
 2.749939 6.139563 5.420681
 2.749939 6.139563 5.420681
 2.749939 6.139563 5.420681
 2.749939 6.139563 5.420681
 2.749939 6.139563 5.420681
 2.749939 6.139563 5.420681
 2.749939 6.139563 5.420681
 2.749939 6.139563 5.420681
 2.749939 6.139563 5.420681
 2.749939 6.139563 5.420681
 2.749939 6.139563 5.420681
 2.749939 6.139563 5.420681
 2.749939 6.139563 5.420681
 2.749939 6.139563 5.420681
 2.749939 6.139563 5.420681
 2.749939 6.139563 5.420681
 2.749939 6.139563 5.420681
 2.749939 6.139563 5.420681
 2.749939 6.139563 5.420681
 2.749939 6.139563 5.420681
 2.749939 6.139563 5.420681
 2.749939 6.139563 5.420681
 2.749939 6.139563 5.420681
 2.749939 6.139563 5.420681
 2.749939 6.139563 5.420681
 2.749939 6.139563 5.420681
 2.749939 6.139563 5.420681
 2.749939 6.139563 5.420681
 2.749939 6.139563 5.420681
 2.749939 6.139563 5.420681
 2.749939 6.139563 5.420681
 2.749939 6.139563 5.420681
 2.749939 6.139563 5.420681
 2.749939 6.139563 5.420681
 2.749939 6.139563 5.420681
 2.749939 6.139563 5.420681
 2.749939 6.139563 5.420681
 2.749939 6.139563 5.420681
 2.749939 6.139563 5.420681
 2.749939 6.139563 5.420681
 2.749939 6.139563 5.420681
 2.749939 6.139563 5.420681
 2.749939 6.139563 5.420681
 2.749939 6.139563 5.420681
 2.749939 6.139563 5.420681
 2.749939 6.139563 5.420681
 2.749939 6.139563 5.420681
 2.749939 6.139563 5.420681
 2.749939 6.139563 5.420681
 2.749939 6.139563 5.420681
 2.749939 6.139563 5.420681
 2.749939 6.139563 5.420681
 2.749939 6.139563 5.420681
 2.749939 6.139563 5.420681
 2.749939 6.139563 5.420681
 2.749939 6.139563 5.420681
 2.749939 6.139563 5.420681
 2.749939 6.139563 5.420681
 2.749939 6.139563 5.420681
 2.749939 6.139563 5.420681
 2.749939 6.139563 5.420681
 2.749939 6.139563 5.420681
 2.749939 6.139563 5.420681
 2.749939 6.139563 5.420681
 2.749939 6.139563 5.420681
 2.749939 6.139563 5.420681
 2.749939 6.139563 5.420681
 2.749939 6.139563 5.420681
 2.749939 6.139563 5.420681
 2.749939 6.139563 5.420681
 2.749939 6.139563 5.420681
 2.749939 6.139563 5.420681
 2.749939 6.139563 5.420681
 2.749939 6.139563 5.420681
 2.749939 6.139563 5.420681
 2.749939 6.139563 5.420681
 2.749939 6.139563 5.420681
 2.749939 6.139563 5.420681
 2.749939 6.139563 5.420681
 2.749939 6.139563 5.420681
 2.749939 6.139563 5.420681
 2.749939 6.139563 5.420681
 2.749939 6.139563 5.420681
 2.749939 6.139563 5.420681
 2.749939 6.139563 5.420681
 2.749939 6.139563 5.420681
 2.749939 6.139563 5.420681
 2.749939 6.139563 5.420681
 2.749939 6.139563 5.420681
 2.749939 6.139563 5.420681
 2.749939 6.139563 5.420681
 2.749939 6.139563 5.420681
 2.749939 6.139563 5.420681
 2.749939 6.139563 5.420681
 2.749939 6.139563 5.420681
 2.749939 6.139563 5.420681
 2.749939 6.139563 5.420681
 2.749939 6.139563 5.420681
 2.749939 6.139563 5.420681
 2.749939 6.139563 5.420681
 2.749939 6.139563 5.420681
 2.749939 6.139563 5.420681
 2.749939 6.139563 5.420681
 2.749939 6.139563 5.420681
 2.749939 6.139563 5.420681
 2.749939 6.139563 5.420681
 2.749939 6.139563 5.420681
 2.749939 6.139563 5.420681
 2.749939 6.139563 5.420681
 2.749939 6.139563 5.420681
 2.749939 6.139563 5.420681
 2.749939 6.139563 5.420681
 2.749939 6.139563 5.420681
 2.749939 6.139563 5.420681
 2.749939 6.139563 5.420681
 2.749939 6.139563 5.420681
 2.749939 6.139563 5.420681
 2.749939 6.139563 5.420681
 2.749939 6.139563 5.420681
 2.749939 6.139563 5.420681
 2.749939 6.139563 5.420681
 2.749939 6.139563 5.420681
 2.749939 6.139563 5.420681
 2.749939 6.139563 5.420681
 2.749939 6.139563 5.420681
 2.749939 6.139563 5.420681
 2.749939 6.139563 5.420681
 2.749939 6.139563 5.420681
 2.749939 6.139563 5.420681
 2.749939 6.139563 5.420681
 